1750790650763 -57.523691465896306 10
1750790659851 -49.28571305127289 20
1750790667689 -70.4 30
1750790675750 -76.81139418945573 40
1750790683757 -59.34226408213036 50
1750790692231 -56.601529481850385 60
1750790700886 -69.02395282394706 70
1750790709484 -34.4423407376199 80
1750790717650 -47.18748818384315 90
1750790726123 -37.56880645452449 100
1750790736153 -36.1275759197613 110
1750790744670 -24.49149384889844 120
1750790753346 -25.812941012455187 130
1750790761650 -32.399062834239714 140
1750790770316 -27.82248026419229 150
1750790780041 -48.060497947142764 160
1750790790754 -34.691744686047876 170
1750790801949 -31.63903716293379 180
1750790810518 -30.085075819878377 190
1750790820256 -24.442284503067494 200
1750790831318 -50.348022741226146 210
1750790840158 -25.239564831405055 220
