1750790498812 -42.19133127548017 10
1750790504211 -77.61383053600836 20
1750790509438 -65.00590308956261 30
1750790514753 -71.02893455688216 40
1750790519650 6.864555984717589 50
1750790525486 -59.49539874724684 60
1750790532493 2.8964170895643706 70
1750790537864 -55.42010217221933 80
1750790543252 4.740298384028841 90
1750790549426 -10.067480989142688 100
1750790555336 -53.61230905638043 110
1750790562316 -52.774404784771356 120
1750790568207 -45.282391482887434 130
1750790572937 6.846687300731107 140
1750790576110 -36.033211419504326 150
1750790581208 2.696023629232058 160
1750790585171 4.926410340111375 170
1750790588053 -3.833899726530875 180
1750790591995 -4.800731573645521 190
1750790593761 1.4772150377976283 200
1750790595075 4.29538843130198 210
1750790596765 3.928590206394328 220
1750790598044 6.0772134605625885 230
1750790599601 7.187893311185713 240
1750790600853 8.887893311185712 250
1750790602132 6.655803368586772 260
1750790603143 5.066100273469116 270
1750790605221 -16.40335906616898 280
1750790606202 -3.067190804170174 290
1750790607301 6.440824311911408 300
1750790608222 6.314064689434748 310
1750790609269 8.440824311911406 320
1750790610222 8.02620971147413 330
1750790611084 6.843910988101226 340
1750790612019 7.79462462593793 350
1750790613019 8.226410340111375 360
1750790614022 6.092061435599042 370
1750790615069 5.164308652281852 380
1750790615963 8.366100273469117 390
1750790616859 -0.9455393056029466 400
1750790617664 7.966100273469117 410
1750790618534 1.9661002734691184 420
1750790619258 2.954460694397053 430
1750790620208 4.987893311185712 440
1750790621000 8.706494953985722 450
1750790621745 7.177213460562589 460
1750790622488 7.566100273469116 470
1750790623346 8.87721346056259 480
1750790624033 8.599786225048941 490
1750790624828 8.655803368586774 500
