1750605857755 -132.083390237728 10
1750605865987 -136.46636668368168 20
1750605874894 -112.2711424646327 30
1750605883893 -103.59095293647651 40
1750605892177 -85.53109218459686 50
1750605900440 -107.01670780427726 60
1750605908063 -109.75390586586607 70
1750605916577 -103.39184358195457 80
1750605923935 -99.83547457423941 90
1750605931579 -75.50270266421917 100
1750605939380 -82.62763765807077 110
1750605946915 -84.96842014179454 120
1750605954697 -76.27615276184041 130
1750605962388 -58.806704688697934 140
1750605970068 -52.71940518369508 150
1750605978056 -60.357079208521085 160
1750605986230 -58.02767333043315 170
1750605994327 -68.68808867283764 180
1750606002901 -56.944120814625116 190
1750606011375 -95.58688500027945 200
1750606018977 -66.20115872183351 210
1750606028650 -59.402518620137236 220
1750606037287 -47.675533808749634 230
1750606047755 -77.43279110981352 240
1750606057429 -48.13447352296418 250
1750606066915 -55.38720485128467 260
1750606076376 -77.65641618426997 270
1750606085344 -52.56990406920569 280
1750606094453 -42.81338964096107 290
1750606104304 -59.18698797815862 300
1750606112762 -40.044871067333276 310
1750606122004 -81.4809042596992 320
1750606131281 -30.126591542600444 330
1750606140138 -16.550457294531537 340
1750606148942 -33.820787247827695 350
1750606158090 -37.0550307091154 360
1750606165907 -67.68779914398762 370
1750606174039 -58.09436654115577 380
1750606182768 -33.375368228757466 390
1750606191195 -31.707680914197688 400
1750606199499 -11.042668420035874 410
1750606208423 -7.696384058171053 420
1750606218469 -34.49839244558258 430
1750606228902 -47.64390576789543 440
1750606240955 -28.332235869776664 450
1750606250928 -25.544275511902278 460
1750606260474 -35.92016092229852 470
1750606270012 -44.891843581954824 480
1750606282571 -60.91512017617514 490
1750606294380 -9.73472925213806 500
