1750605378648 -93.55917568808849 10
1750605383371 -124.82909543499683 20
1750605387353 2.2466873007311063 30
1750605391388 -131.17685967634156 40
1750605395636 -120.72771027164598 50
1750605399337 -116.50194027446362 60
1750605402982 4.5779714857162785 70
1750605406337 -40.16511080149022 80
1750605409790 -39.35331114368379 90
1750605413182 -1.2338966182985214 100
1750605416927 -66.38592746359201 110
1750605422504 -109.72893455688197 120
1750605425810 -83.16194163795996 130
1750605429808 -3.661038105068263 140
1750605431358 -0.8034651169221467 150
1750605434001 -75.93922768805632 160
1750605437454 6.30611595839193 170
1750605440889 -10.50346511692216 180
1750605446023 -69.98901366010122 190
1750605449438 -27.427391616951496 200
1750605452285 -2.1079370404258277 210
1750605455011 -20.228133586269443 220
1750605459705 -36.284081668127996 230
1750605460976 -0.9228370295079902 240
1750605464764 -54.55210577692051 250
1750605467754 2.424039872197003 260
1750605469439 3.0557620369923413 270
1750605472230 3.0218381841501682 280
1750605474557 -69.03907312836581 290
1750605478215 5.284258910304537 300
1750605481750 -55.7060659229338 310
1750605483837 3.2013216391123387 320
1750605485980 5.4913773155701975 330
1750605488858 1.3289664736369433 340
1750605491659 -5.441041589296166 350
1750605493639 -16.734568298393462 360
1750605495332 7.977161449168088 370
1750605498302 -43.34803755727848 380
1750605502063 -88.40837048289508 390
1750605505758 1.583887083780192 400
1750605508595 -20.426469144235497 410
1750605513044 4.511335834701578 420
1750605517366 -15.940315912413993 430
1750605521140 -8.169273375092724 440
1750605525985 4.942164801867805 450
1750605530152 6.433702738790872 460
1750605534688 -6.149681766783379 470
1750605537026 -5.834740902348816 480
1750605539787 -1.4715345314961379 490
1750605542166 -16.876752736444228 500
