1750688516515 -170.81956029869545 10
1750688531043 -126.07338334513699 20
1750688544297 -75.56522244025597 30
1750688555634 -70.02283702950793 40
1750688569643 -167.33892629585034 50
1750688583603 0.5672482452218013 60
1750688593678 -54.69742990666027 70
1750688598356 -5.675750421030084 80
1750688608101 -89.40745383878193 90
1750688611160 -4.060957699649595 100
1750688614415 -27.73041471325339 110
1750688618357 -10.866499543757653 120
1750688620925 -3.921040135267992 130
1750688623058 3.9301124493065176 140
1750688627874 -2.5896081022252213 150
1750688629933 -5.09614780395701 160
1750688633014 2.912914485815393 170
1750688635287 1.704158018292651 180
1750688636871 -4.155246393847383 190
1750688638601 -1.237081477996811 200
1750688640071 6.612401724310975 210
1750688641819 -0.33990307460834934 220
1750688643257 6.387893311185712 230
1750688644747 2.666100273469116 240
1750688645840 8.306494953985721 250
1750688647081 4.26291852200318 260
1750688648201 6.99978622504894 270
1750688649239 4.724041386039211 280
1750688650419 5.628590206394329 290
1750688651738 8.045804876556147 300
1750688652943 7.32859020639433 310
1750688654216 6.755762036992339 320
1750688655293 8.245804876556146 330
1750688656414 8.87721346056259 340
1750688657542 6.226410340111375 350
1750688658762 8.87721346056259 360
1750688659857 8.214071014642041 370
1750688660894 7.5064949539857215 380
1750688662030 8.811886554668519 390
1750688663146 8.474226158635858 400
1750688664219 8.57721346056259 410
1750688665252 8.786437858707648 420
1750688666120 8.620587588270853 430
1750688667213 8.706494953985722 440
1750688668261 8.445804876556146 450
1750688669188 8.906494953985721 460
1750688670023 8.41188655466852 470
1750688670809 8.726410340111375 480
1750688671619 8.906494953985721 490
1750688672691 8.506494953985722 500
