1750606304355 -133.83067453252153 10
1750606312883 -139.1162442564452 20
1750606320986 -129.04633194738915 30
1750606329517 -118.89148808496617 40
1750606337998 -119.45205861103102 50
1750606346891 -85.8816707024414 60
1750606355520 -98.0006699709424 70
1750606362967 -56.12094960404953 80
1750606370493 -99.53039967313927 90
1750606378154 -67.22912517569814 100
1750606385848 -59.26276747483693 110
1750606393503 -72.4954610156294 120
1750606402164 -5.215707606247433 130
1750606410454 -75.20314649872282 140
1750606417610 -48.75286877609059 150
1750606426643 -41.488138650190024 160
1750606434769 -52.23720440130226 170
1750606444038 -89.17161371018204 180
1750606451243 -0.5811181934352376 190
1750606458860 0.8270058623981305 200
1750606466635 -29.400284677684795 210
1750606474212 13.839708711776924 220
1750606482042 -69.91647945943558 230
1750606491451 -11.840289522353007 240
1750606499245 22.18398877271793 250
1750606508207 -30.733491822964904 260
1750606520903 -62.82657297149899 270
1750606530791 -73.10177836310069 280
1750606541152 -54.994058572010225 290
1750606549585 -8.85107108979214 300
1750606558059 4.119937303956031 310
1750606566792 -31.86487698832026 320
1750606576316 -27.267955267200634 330
1750606586906 -11.651960321290925 340
1750606600575 10.51691711747812 350
1750606612825 -6.6005984398134085 360
1750606624480 -18.64959986931701 370
1750606633213 26.756014748538938 380
1750606644847 -33.45818944174457 390
1750606653901 30.521756983341398 400
1750606663228 -17.37092830775885 410
1750606674408 -17.376878776124762 420
1750606686830 3.399988751675507 430
1750606698113 -5.794234485965859 440
1750606710062 -54.21674732955862 450
1750606719481 2.1177222181759916 460
1750606728634 16.54426626759919 470
1750606737419 -40.95584875989259 480
1750606745661 13.294841666491962 490
1750606754971 -18.009323345036524 500
