1750605550462 -102.82390914235495 10
1750605557321 -139.04278633301988 20
1750605563333 -109.68474101385662 30
1750605569601 -126.99534218064028 40
1750605576574 -114.65044266626401 50
1750605583335 -77.194320967887 60
1750605590421 -81.25838113368155 70
1750605596681 -72.26710851011543 80
1750605603404 -81.93893568528131 90
1750605610178 -75.56574700597764 100
1750605617505 -65.5155129496069 110
1750605624227 -108.59199631477831 120
1750605631760 -77.61806192792773 130
1750605638729 -53.403105727266 140
1750605645221 -55.45960973190417 150
1750605651413 -19.256442122492484 160
1750605657505 -92.54468681417254 170
1750605663868 -63.965924118026756 180
1750605670130 -56.234673045144916 190
1750605676983 -30.171748672593758 200
1750605683825 -88.20792662315716 210
1750605689946 -36.609793315496745 220
1750605696353 -42.26280389430426 230
1750605703146 -49.82829763676025 240
1750605709824 -31.477791369343763 250
1750605716016 -15.597317533451594 260
1750605721557 -11.455125261947739 270
1750605726875 3.42022573834843 280
1750605732609 7.282331339006248 290
1750605738523 -47.10439842867837 300
1750605743116 13.32593792653515 310
1750605748626 -27.67180750090689 320
1750605753530 -26.085823497283684 330
1750605758654 16.481075551480284 340
1750605763377 -22.54551725191475 350
1750605770458 19.015648386606443 360
1750605776829 7.98459634268439 370
1750605781733 -8.32713599196337 380
1750605785319 12.398297714796456 390
1750605792278 -3.4450868767840834 400
1750605798298 19.030555350954547 410
1750605805179 14.449671118511962 420
1750605812130 8.179888077984586 430
1750605818192 12.482392420046633 440
1750605822105 17.730094168973032 450
1750605827175 18.217240794591113 460
1750605831740 -21.650410467493785 470
1750605839089 -15.015358801816866 480
1750605844826 7.887732636281802 490
1750605848991 -1.2972985612803045 500
