1750790977480 -29.700999811653737 10
1750790982029 -28.834042998266526 20
1750790988303 -69.40578925835653 30
1750790992643 -55.36511727574663 40
1750790998593 -59.86337158415812 50
1750791003811 -68.13456829839348 60
1750791009365 -53.0588771382409 70
1750791014573 -2.8441966314132197 80
1750791020980 0.9073913486653558 90
1750791024307 4.740100195426383 100
1750791028987 1.4526875089679785 110
1750791032879 4.13291589024233 120
1750791036024 5.991230959913657 130
1750791038175 6.4654281699682645 140
1750791042229 -56.17327924365964 150
1750791045122 6.10869185564461 160
1750791046693 -4.165115988429262 170
1750791048824 1.4544606943970524 180
1750791050146 0.4681079565752544 190
1750791051819 1.1249932393228335 200
1750791053365 3.4171164455219234 210
1750791055399 3.62620971147413 220
1750791056671 5.5109884101244315 230
1750791057692 5.966100273469117 240
1750791058883 7.550666578785269 250
1750791059962 8.07721346056259 260
1750791061168 -11.403465116922149 270
1750791061986 9.113216760583988 280
1750791063667 5.464799171423473 290
1750791064654 8.787893311185712 300
1750791065530 6.863058314983141 310
1750791066426 4.551387490150711 320
1750791067200 5.76305678945862 330
1750791067918 7.987503598815289 340
1750791068810 7.706495967344029 350
1750791069672 8.66305678945862 360
1750791070456 7.896639416077966 370
1750791071143 8.555803368586773 380
1750791071951 5.356068194208407 390
1750791072714 4.656066646613165 400
1750791073385 8.092061435599042 410
1750791074241 8.67716144916809 420
1750791074927 8.7844606973281 430
1750791075724 8.96305678945862 440
1750791076486 9.01188655466852 450
1750791077256 8.378875481639074 460
1750791078022 8.214064689434746 470
1750791079089 8.29653488307785 480
1750791079825 8.749259569812825 490
1750791080791 8.66305678945862 500
