1750689744919 -173.80794911145074 10
1750689772686 -163.58400937039983 20
1750689801392 -163.37188120845724 30
1750689825208 -130.36162562384982 40
1750689847748 -145.57365003849563 50
1750689876845 -121.12750502437319 60
1750689899144 -101.30874587963986 70
1750689920126 -122.38095515801061 80
1750689941409 -116.40570698249519 90
1750689965226 -107.48484860642102 100
1750689991640 -106.70603030886907 110
1750690015384 -121.8697088495149 120
1750690039908 -100.72841105751321 130
1750690064188 -40.47810677262184 140
1750690088653 -92.09061852971871 150
1750690113259 -108.86546579642611 160
1750690138190 -105.81095054748593 170
1750690163292 -109.07883763593432 180
1750690188334 -96.29781465136443 190
1750690208562 -94.27916915683306 200
1750690233014 -84.65134331317631 210
1750690256211 -81.50524551936385 220
1750690280710 -97.10843056906178 230
1750690305837 -92.32460007418037 240
1750690327591 -52.16968152672809 250
1750690350399 -59.060178619935186 260
1750690373879 -68.67907923093775 270
1750690394842 -98.15581655554695 280
1750690417300 -9.420262681230364 290
1750690442447 -85.80973553916552 300
1750690463062 -67.94038410658125 310
1750690485125 -167.7421015976461 320
1750690508087 -43.006973957081236 330
1750690526490 -109.59968196486172 340
1750690546988 -81.2237274792818 350
1750690569226 -73.50400890671885 360
1750690586647 -0.29111867964555316 370
1750690598035 -39.998490517236036 380
1750690609099 -4.688207512469715 390
1750690622806 -82.21924282375213 400
1750690642625 -27.27626595627602 410
1750690659235 -31.433667939599907 420
1750690674948 -34.24905326569826 430
1750690687640 9.728974418613273 440
1750690701542 -31.153866073206558 450
1750690713266 -1.2087379612288256 460
1750690726257 19.35234940008773 470
1750690743889 -69.79345980362687 480
1750690760309 -94.67848437170912 490
1750690771705 14.393443141697604 500
