1750791515395 -63.90951478555371 10
1750791523186 -60.266945292435224 20
1750791530531 -32.997190547967506 30
1750791537450 -54.576116472726746 40
1750791544895 -53.96773519770799 50
1750791553561 -64.69039833767268 60
1750791561077 -70.505608029475 70
1750791568301 -58.72537823889909 80
1750791575405 -48.61895512221378 90
1750791583853 -44.67280201776538 100
1750791591434 -39.216416340355096 110
1750791598550 -35.36667498448309 120
1750791607896 -32.75456504671545 130
1750791615712 -43.377371899041236 140
1750791622846 -29.797907377424842 150
1750791630640 -44.82441827180473 160
1750791639295 -42.773277620744864 170
1750791646953 -41.3268903474952 180
1750791654371 -37.715468108382375 190
1750791661542 -14.125693565779567 200
1750791670355 -37.55464243477662 210
1750791677674 -40.01798933445799 220
1750791684800 -27.66163981598819 230
1750791692380 -21.27812234411527 240
1750791700313 -11.116919939851474 250
1750791707408 -32.80123806866844 260
1750791714616 -38.42483273025763 270
1750791723535 -36.89413375345984 280
1750791731630 -14.940442232884894 290
1750791738913 12.117316561855732 300
1750791746083 0.3029047662387647 310
1750791754471 -25.776855310646905 320
1750791762223 -28.725297184963495 330
1750791769412 -7.309878634213744 340
1750791777039 -64.79681563635694 350
1750791784892 -24.64667837449589 360
1750791792069 -15.471196328823083 370
1750791798566 6.340700365930017 380
1750791805815 10.789358038401925 390
1750791811558 -7.345357108855794 400
1750791818470 -46.98647387982063 410
1750791824247 22.20775224772966 420
1750791831486 -29.579449727097387 430
1750791838711 -22.622265344580406 440
1750791843688 19.988030204853477 450
1750791849955 -27.95102618092282 460
1750791856068 19.657507827358366 470
1750791861381 15.42426387253467 480
1750791868466 -34.01111692742968 490
1750791874440 13.912129164015878 500
