1750688718967 -163.68869839778858 10
1750688742123 -166.5553141968768 20
1750688766722 -171.80057317072854 30
1750688789665 -157.33826010972956 40
1750688813638 -144.5227978293363 50
1750688838290 -135.91681116465998 60
1750688862164 -131.50655629773365 70
1750688886834 -121.37237534181699 80
1750688910876 -140.27233116172164 90
1750688932328 -117.44641114217742 100
1750688953649 -118.30049192451895 110
1750688978545 -106.49245425664718 120
1750689006120 -120.33223729531527 130
1750689033351 -80.3653232375319 140
1750689058869 -92.45528448891547 150
1750689086540 -100.61360498423588 160
1750689113279 -88.11701282436727 170
1750689138054 -110.8703288001982 180
1750689165428 -141.13785257125207 190
1750689192183 -85.75209013133473 200
1750689219263 -133.98236285949997 210
1750689245719 -132.97861476368988 220
1750689269268 -140.01395843556386 230
1750689295995 -114.26478990120803 240
1750689321851 -126.09969272470046 250
1750689345503 -100.13459315639854 260
1750689371352 -124.71427230562298 270
1750689391141 -148.37454542272377 280
1750689413461 -130.69118179050895 290
1750689439636 -139.6947037793264 300
1750689456966 -166.48084595342746 310
1750689477846 -110.6933918049578 320
1750689495802 -8.595566415046683 330
1750689508328 -151.55528647192205 340
1750689534376 -144.034342422648 350
1750689549135 0.4168349424354503 360
1750689563791 -136.91938426228361 370
1750689574100 1.89909953488322 380
1750689585523 -69.41852570537917 390
1750689598747 -200.60972383942075 400
1750689609842 -26.19145225806543 410
1750689621714 -75.89167989732235 420
1750689629815 5.765289540985756 430
1750689646384 -68.38436278843926 440
1750689659502 -163.8869631218823 450
1750689666343 -14.931843028198376 460
1750689675962 8.58120101301323 470
1750689683853 6.864467919125202 480
1750689693402 14.245745161600604 490
1750689702772 10.84773854908063 500
