1750791100514 -68.38617178022344 10
1750791108659 -64.2700617498742 20
1750791117721 -70.4 30
1750791125854 -60.342500457320654 40
1750791133077 -50.957241975574014 50
1750791140526 -58.41759028648741 60
1750791148663 -55.889091779689814 70
1750791156355 -41.25749629259602 80
1750791163367 -24.00623458970151 90
1750791170458 -32.5198135668431 100
1750791179125 -30.547211261965067 110
1750791187240 -51.198935610927826 120
1750791194830 -28.28896384177817 130
1750791202327 -23.351193998234 140
1750791211043 -54.18439517141395 150
1750791218621 -52.07895117782164 160
1750791225933 -29.524379181041926 170
1750791234540 -32.26146708510074 180
1750791242508 -24.349527457426937 190
1750791249957 -30.846851448663816 200
1750791257702 -23.831331417438175 210
1750791266588 -20.909988389608035 220
1750791274805 -25.743426198085135 230
1750791282711 -23.20878135856657 240
1750791291517 -28.0280967229962 250
1750791299832 -29.47895048231137 260
1750791307308 -25.321591912979596 270
1750791314754 -16.301097720987784 280
1750791323841 -5.270106888829277 290
1750791331418 -19.73591583332839 300
1750791339527 -65.35851925532772 310
1750791348440 -20.82333804099341 320
1750791357134 -20.052952756445524 330
1750791365598 -7.15330119721545 340
1750791373670 -44.888793998883415 350
1750791382596 -31.177430774482307 360
1750791389945 -32.52374401734701 370
1750791396708 3.770613814716179 380
1750791404778 -26.39724288484301 390
1750791412579 3.24599293273994 400
1750791420423 -7.1864039014898635 410
1750791429181 -74.96593822657651 420
1750791437741 -14.210015261181068 430
1750791445866 -27.375630902716647 440
1750791454838 -15.34285541160054 450
1750791463119 -19.40595217411633 460
1750791471230 -1.3382559639348974 470
1750791479618 -16.883997704200418 480
1750791488903 -10.75609553536898 490
1750791496894 -8.153037936717165 500
