1750690804535 -142.6847767013563 10
1750690828210 -162.12703189123675 20
1750690851827 -172.5293121459913 30
1750690878917 -147.83310275378466 40
1750690903247 -156.89641141519297 50
1750690926860 -102.1866414755331 60
1750690951592 -131.90149325245721 70
1750690975457 -72.73924493959382 80
1750690998522 -93.07323495773853 90
1750691022019 -89.80599825960019 100
1750691044757 -73.8950498680175 110
1750691067483 -106.22478040204344 120
1750691088433 -98.8647391708738 130
1750691105512 -114.36770779661789 140
1750691125500 -38.09168597706471 150
1750691141648 -24.714028679039842 160
1750691155962 -119.46924035036453 170
1750691169395 -117.41564726332153 180
1750691182953 22.641902496920267 190
1750691196482 -86.56090257810551 200
1750691209987 9.666970248402961 210
1750691225377 -78.59058756478848 220
1750691238145 2.5353886813435236 230
1750691248979 -38.51782350252369 240
1750691262530 -8.77150349249433 250
1750691272612 14.550372432621806 260
1750691289864 -9.294833514765685 270
1750691298259 -23.62375726563144 280
1750691307530 -4.469514004301841 290
1750691318238 18.654173590458612 300
1750691329282 30.51423387693007 310
1750691339270 16.359282338214047 320
1750691347200 -31.35606206823256 330
1750691353655 -1.7154566202396992 340
1750691367261 23.544479204834442 350
1750691375064 23.241065371327466 360
1750691382816 9.831353092324257 370
1750691392083 28.969092967314644 380
1750691400517 10.754329156511961 390
1750691409345 14.949376443639064 400
1750691416738 1.1271772828408668 410
1750691424220 -10.357521147571914 420
1750691429804 15.63833533749881 430
1750691433887 26.80701925967483 440
1750691438756 -34.31239392986905 450
1750691449659 21.542256027182443 460
1750691456260 19.184066228654626 470
1750691463079 -3.0544360096017105 480
1750691470298 28.291795035575724 490
1750691477194 -5.656480037372715 500
