1750791892345 -66.44326319456026 10
1750791900664 -52.27009301587135 20
1750791907888 -69.32114725935713 30
1750791915673 -63.955225241937086 40
1750791923360 -75.63938741558802 50
1750791931136 -61.23689699901731 60
1750791938302 -74.70370547160272 70
1750791945232 -70.88777667772686 80
1750791951986 -59.457718828132684 90
1750791960516 -46.51940113376739 100
1750791967709 -61.43310309717147 110
1750791974818 -55.241965130119574 120
1750791982218 -25.676666704135005 130
1750791990572 -50.67707256963617 140
1750791998406 -40.74689674082386 150
1750792006591 -27.93694292404776 160
1750792014828 -43.72531288219454 170
1750792022772 -37.871731135948664 180
1750792030100 -31.124986971537208 190
1750792037332 -31.43913255293245 200
1750792046020 -42.44749388295836 210
1750792053644 -18.174971582659463 220
1750792060828 -22.265338118930647 230
1750792068279 -29.05793289091036 240
1750792076863 -22.64105030224944 250
1750792084280 -16.888799617800036 260
1750792092710 -13.822814361384967 270
1750792100850 16.355949542059555 280
1750792108699 -19.81918226774218 290
1750792116058 -28.692514881310576 300
1750792122396 -6.224750413106017 310
1750792129741 27.53729345615158 320
1750792136584 21.703063974433555 330
1750792141415 27.31058430060996 340
1750792147128 3.9789946237780045 350
1750792152162 19.222928366868217 360
1750792157675 13.315805979693879 370
1750792163813 -45.237281976875316 380
1750792168106 18.78354873843142 390
1750792172020 22.155742943344542 400
1750792177225 -8.68098949351377 410
1750792182260 32.165853551806 420
1750792188419 13.07945294005775 430
1750792192675 27.96364642151305 440
1750792197477 33.281091055298994 450
1750792201796 26.13511180994004 460
1750792206496 32.451322912225585 470
1750792212036 -37.33985430157073 480
1750792217306 32.371914547939134 490
1750792223357 26.18167722381697 500
